1.038809
0.13704
0.116421
0.11105
0.110317
0.107603
0.11234
0.107839
0.107606
0.110957
0.055658
0.109489
0.097187
0.119792
0.109042
0.114886
0.131183
0.151002
0.124742
0.115658
0.111158
0.108412
0.111351
0.111726
0.08799
0.106754
0.106768
0.106107
0.097459
0.106441
0.1037
0.108834
0.09858
0.103985
0.102483
0.103637
0.089767
0.113003
0.111127
0.113103
0.110307
0.10134
0.116838
0.112847
0.112363
0.118052
0.119744
0.1126
0.089684
0.114351
0.113192
0.107923
0.108876
0.117439
0.117198
0.105774
0.105182
0.102876
0.105069
0.101864
0.091853
0.108917
0.109843
0.110464
0.118174
0.11199
0.11995
0.116366
0.108669
0.107311
0.100503
0.107271
0.096403
0.115494
0.127266
0.113819
0.12142
0.127481
0.127418
0.121197
0.126861
0.122849
0.107783
0.109248
0.093027
0.106788
0.106088
0.111894
0.108299
0.106162
0.105698
0.107838
0.109717
0.111103
0.113921
0.106694
0.093026
0.1069
0.104928
0.128386
0.125399
0.108698
0.115684
0.11727
0.122447
0.104524
0.115298
0.120651
0.110144
0.144323
0.131774
0.123368
0.135733
0.126731
0.128633
0.123606
0.115413
0.110157
0.113925
0.109597
0.095883
0.108357
0.121649
0.117976
0.12678
0.127158
0.124517
0.125683
0.126281
0.123778
0.117374
0.108967
0.096945
0.121643
0.120103
0.114054
0.106699
0.108546
0.106432
0.10858
0.104593
0.105037
0.110161
0.10553
0.107624
0.111515
0.100956
0.109553
0.097775
0.097686
0.103115
0.114152
0.120106
0.120868
0.122641
0.136317
0.102193
0.134287
0.133202
0.129756
0.128955
0.116796
0.112389
0.108893
0.112563
0.106936
0.111736
0.133838
0.110117
0.563887
0.144117
0.136547
0.128959
0.057504
0.114197
0.117983
0.117854
0.115762
0.107331
0.10347
0.093696
0.111247
0.109819
0.110757
0.125282
0.120531
0.112118
0.113599
0.104734
0.111968
0.109379
0.110745
0.091846
0.105775
0.116824
0.122858
0.118708
0.112951
0.109154
0.109751
0.111057
0.108495
0.110441
0.100713
0.096449
0.110934
0.110279
0.108748
0.10048
0.109883
0.10308
0.105095
0.109785
0.105973
0.102711
0.11063
0.095377
0.104654
0.098304
0.107976
0.109306
0.11209
0.106997
0.109821
0.104454
0.105491
0.115963
0.113307
0.095378
0.113347
0.105553
0.106325
0.106247
0.098805
0.125679
0.117082
0.1129
0.140965
0.092218
0.117851
0.104221
0.113388
0.142467
0.125448
0.126513
0.103838
